108.0
249.9
512.0
308.0
293.25
280.0
226.79999999999998
225.0
498.18000000000006
3010.0
184.2
173.4
42.0
45.2
104.0
687.0
614.0
324.0
105.0
742.0
420.0
1110.0
320.0
150.0
393.30000000000007
96.0
99.75
313.6
360.0
384.0
335.0
225.40000000000003
172.0
20.1
882.0
75.0
134.0
157.5
175.0
253.725
1725.0
73.95
252.0
696.0
200.0
980.0
96.05
91.8
280.0
168.0
576.0
585.9
39.2
40.0
374.4
60.0
210.0
157.5
226.0
78.0
266.0
60.0
45.0
320.0
343.5
1560.0
122.0
63.8
17.4
254.6
1092.5
881.6
1117.2
874.0
96.0
14.7
61.0
21.6
424.65
111.72
190.0
183.54000000000002
112.5
729.0
60.0
34.875
850.5
306.0
441.0
1050.0
437.325
229.5
268.0
37.0
39.2
274.79999999999995
113.05
325.37999999999994
311.76
104.0
351.0
97.2
382.5
1080.0
910.0
232.75000000000003
132.0
456.0
78.75
120.0
306.0
556.5
478.8
111.72000000000001
1225.5
588.0
484.785
76.95
810.0
42.160000000000004
297.5
97.75
156.0
60.0
58.8
120.0
20.0
21.0
650.0
315.0
168.0
73.5
450.0
91.0
120.0
630.0
532.0
244.0
1656.0
388.80000000000007
219.83999999999995
25.6
172.8
360.0
288.0
504.0
927.5
1050.0
204.0
27.0
28.0
312.0
469.0
150.0
570.0
102.0
96.0
54.0
97.2
341.59999999999997
525.0
60.0
142.8
113.24000000000001
422.94000000000005
319.2
182.4
600.0
190.0
33.480000000000004
67.5
104.4
113.4
519.75
75.0
189.0
69.6
90.45
42.120000000000005
147.0
87.0
52.5
126.35
186.2
210.0
50.400000000000006
168.0
88.35
305.9
236.25
3612.0
52.5
274.5
1161.0
340.2
189.0
1374.0
812.0
560.0
60.0
201.0
588.0
1425.9
324.0
69.0
89.60000000000001
282.24
8.0
37.519999999999996
888.0
147.2
135.0
81.0
345.0
319.2
1560.0
434.40000000000003
270.0
140.0
150.0
235.2
79.2
336.0
72.8
364.0
366.0
120.0
31.5
260.0
144.0
104.0
345.0
201.0
190.0
150.0
140.0
1844.0
65.10000000000001
98.0
833.0
96.0
31.360000000000003
86.8
49.0
66.0
154.0
189.0
360.0
100.0
176.7
248.52
12908.0
120.0
130.5
205.8
97.2
157.5
1810.0000000000002
824.4
980.0
117.60000000000001
224.0
523.2
775.0
210.0
120.0
160.0
40.0
390.0
1560.0
3010.0
1299.0
48.0
2310.0
812.0
157.5
672.0
204.75
742.5
1463.0
259.875
40.8
888.0
70.0
1732.0
24.0
91.2
346.275
42.0
866.0
60.0
532.0
199.5
1380.0
698.25
147.0
14.700000000000001
283.5
1355.75
112.2
70.0
380.0
112.0
180.0
276.0
347.99999999999994
343.5
750.0
514.5
609.0
252.0
50.0
173.6
90.0
320.0
336.0
931.5
252.0
860.0
264.59999999999997
58.8
80.4
150.0
212.8
104.0
45.0
21.0
266.0
364.0
336.0
225.0
68.0
254.79999999999998
5532.0
504.0
154.0
414.0
280.0
260.0
22.4
56.0
921.0
400.0
18.0
1128.75
243.0
660.0
189.0
537.5999999999999
240.0
112.0
93.0
196.0
160.0
577.5
87.5
75.0
420.0
28.0
90.0
433.5
108.0
720.0
153.9
490.00000000000006
440.0
1428.0
390.0
465.0
135.0
495.0
168.0
2212.8
319.20000000000005
116.37500000000001
63.0
774.0
80.0
120.0
607.5
159.60000000000002
132.0
460.0
313.2
1350.0
1190.0
231.0
99.0
115.19999999999999
240.0
567.0
108.5
440.0
96.0
76.0
111.72000000000001
304.0
218.0
54.0
14.0
860.0
370.0
172.8
48.0
618.24
712.32
921.0
504.0
433.0
198.0
36.0
15.3
17.0
342.0
28.5
114.0
352.0
285.6
126.0
117.60000000000001
17.4
960.0
680.0
600.0
300.0
385.0
180.0
386.75
189.0
446.25
378.0
117.60000000000001
156.0
90.0
288.0
432.0
200.34000000000003
24.0
25.5
205.79999999999998
798.0
117.60000000000001
62.21999999999999
8.67
91.8
252.0
72.0
1104.0
348.0
36.0
540.0
441.0
546.0
224.0
60.0
488.7
220.32
205.2
2128.0
204.8
300.0
1146.6000000000001
130.5
60.0
60.0
216.0
12.8
350.0
51.0
54.0
121.5
860.0
192.5
205.2
430.92
183.6
282.625
1130.5
84.0
450.0
43.5
150.0
648.0
224.0
105.6
272.0
168.0
210.0
322.0
160.0
180.0
66.0
450.0
1092.0
220.0
52.0
65.1
88.2
84.0
390.0
64.0
25.200000000000003
9.6
243.2
112.0
112.0
512.0
180.8
399.0
684.0
364.8
84.0
258.75
351.0
61.199999999999996
45.0
300.0
228.0
40.0
567.0
3520.0
78.0
171.5
375.0
3864.0
126.0
315.0
94.5
4149.0
18.9
181.44000000000003
202.5
1106.4
48.0
468.0
378.0
792.0
280.0
480.0
411.59999999999997
283.5
243.0
252.0
1480.29
179.55
840.0
100.0
456.75
157.5
1425.0
104.39999999999999
336.0
336.0
850.0
350.0
540.0
384.0
71.4
102.0
285.6
287.28000000000003
38.4
180.0
70.56
176.39999999999998
340.2
567.0
146.25
202.5
151.2
240.0
182.0
64.0
223.125
1844.0
240.0
126.0
25.6
42.0
875.0
252.0
140.0
735.3
270.0
157.5
187.6
231.0
408.5
370.5
302.4
640.0
36.0
76.0
14.534999999999998
712.5
104.0
192.0
460.0
910.0
1232.0
27.0
60.0
133.0
116.25
187.5
980.0
120.0
495.0
49.0
573.3
1675.0
7620.8
89.6
28.559999999999995
1276.8
75.6
211.68
68.69999999999999
464.0
88.2
7.0
1080.0
1040.0
310.5
181.0
280.0
199.0
61.199999999999996
520.0
65.10000000000001
687.0
50.4
75.0
283.5
135.0
560.0
718.2
102.4
496.8
38.4
252.0
50.4
140.0
48.6
560.0
808.5
13.5
63.0
630.0
319.2
66.5
760.0
169.575
223.125
170.0
98.0
60.0
144.0
31.200000000000003
403.2
96.0
180.0
569.625
400.0
472.5
168.0
98.0
121.5
167.4
1696.0
77.0
1261.4
214.2
95.76
222.3
336.0
2462.4
47.5
1088.0
200.0
604.8000000000001
640.0
45.9
342.71999999999997
168.0
304.0
486.5
380.0
1320.0
393.0
124.80000000000001
877.5
86.4
156.0
608.0
884.0
122.88000000000002
80.0
20.8
92.4
780.0
443.25
189.0
160.0
288.0
163.2
360.0
60.8
625.5
100.8
931.5
216.0
532.0
163.625
936.0
240.0
346.55999999999995
735.0
2618.0
183.6
990.0
111.2
114.0
528.2
456.0
919.9999999999999
48.0
388.79999999999995
400.0
667.2
565.44
142.5
40.0
837.9
451.44
344.0
194.6
41.04
250.8
372.0
48.0
728.0
472.79999999999995
248.0
660.0
280.8
300.0
351.0
43.2
384.0
186.0
7.3
21.6
57.6
124.19999999999999
31.2
248.0
131.4
952.0
83.4
394.875
325.5
408.0
42.0
518.4
470.4
754.56
1440.0
1576.0
472.6
224.0
122.4
53.1
27.0
240.0
239.4
340.0
1485.0
240.0
104.0
86.4
334.8
76.32
1296.0
600.0
36.0
175.5
37.2
259.2
468.0
552.0
571.1999999999999
37.2
121.6
201.60000000000002
417.0
432.0
864.0
556.0
608.0
456.0
990.0
591.0
109.5
240.0
408.0
200.0
147.0
608.0
1248.0
1019.1999999999999
441.59999999999997
529.2
453.6
135.0
480.0
440.0
34.4
1125.0
2227.5
388.8
207.0
262.0
29.5
394.0
30.0
28.8
60.0
352.0
600.0
22.4
736.0
51.599999999999994
139.0
197.0
67.19999999999999
201.6
145.6
883.1999999999999
524.0
62.0
182.39999999999998
921.6
286.2
886.5
156.79999999999998
360.0
77.0
2758.0
288.0
154.0
86.4
249.6
509.59999999999997
432.0
516.0
144.0
112.0
62.0
44.8
57.6
248.11500000000004
856.8
288.0
1496.0
2386.8
120.0
57.599999999999994
167.4
40.0
1112.0
422.40000000000003
249.6
310.0
304.0
672.0
579.6
254.4
396.0
672.0
100.0
69.35
157.32
4005.2
346.55999999999995
1058.25
590.75
88.5
1600.0
89.6
97.28
186.0
72.0
619.2
44.8
100.0
85.11999999999999
200.0
122.88000000000002
1628.1599999999999
285.12
288.0
597.5999999999999
304.0
582.4
695.0
624.0
310.5
176.0
2074.8
1103.2
950.0
87.78
1398.4
16.0
336.6
291.8399999999999
448.0
486.4
614.4
1330.0
38.0
216.0
616.0
1680.0
2240.0
584.0
100.8
1010.8800000000001
608.0
112.0
612.0
58.8
31.620000000000005
183.6
180.0
141.60000000000002
175.5
466.55999999999995
4005.2
100.10000000000001
1133.825
159.6
36.0
100.3
161.28000000000003
8432.0
172.8
396.0
90.0
390.0
300.0
230.39999999999998
576.0
595.2
398.4
174.07999999999998
34.2
106.4
288.8
739.48
665.0
2067.2
1092.0
3465.0
2108.0
560.0
165.20000000000002
699.84
1346.4
560.0
848.0
141.60000000000002
200.0
74.4
172.8
864.0
86.0
403.20000000000005
84.0
52.0
403.2
106.2
252.0
72.8
36.0
425.88
390.0
837.9
1980.0
410.4
183.6
798.0
136.0
72.95999999999998
583.1999999999999
6324.0
1428.0
875.7
678.4
688.0
300.0
159.0
279.0
59.0
399.0
618.8
244.8
103.19999999999999
55.44
505.44
302.4
335.34
471.6
146.88
360.0
112.0
544.0
450.0
1386.0
120.0
400.0
96.0
195.0
608.0
1814.3999999999999
408.0
192.0
435.2
64.0
54.0
112.0
54.0
218.39999999999998
528.0
258.0
91.2
89.6
1048.0
396.8
288.0
788.0
360.0
540.0
518.4
432.0
600.48
86.39999999999999
1440.0
285.0
585.9000000000001
58.8
1307.25
320.0
48.0
394.0
241.92000000000002
1650.6
230.4
288.0
1032.0
583.8000000000001
68.0
648.7199999999999
432.0
2073.6
600.0
516.0
504.0
145.6
2079.0
504.0
480.0
372.59999999999997
2128.0
336.0
1032.0
432.0
2281.5
248.11500000000004
606.9
709.65
425.6
456.0
400.0
144.0
216.0
1375.92
68.4
26.459999999999997
504.0
432.0
258.0
208.0
35.400000000000006
1379.0
223.20000000000002
96.0
98.0
704.0
154.0
496.0
316.8
334.8
345.6
1576.0
201.6
124.83000000000001
100.0
62.4
40.0
146.0
262.0
312.0
10540.0
14.399999999999999
270.0
364.0
912.0
418.0
364.8
120.0
1550.4
547.2
1396.8
8.64
86.4
216.0
24.82
747.0
334.05
88.4
49.8
140.0
880.0
691.2
8263.36
240.0
144.0
216.0
152.0
186.20000000000002
651.0
192.0
520.0
921.375
1123.2
400.0
912.0
2464.0
1170.0
551.25
171.0
249.0
236.0
851.1999999999999
100.80000000000001
220.32
152.0
201.60000000000002
278.0
48.0
1094.4
718.2
133.92000000000002
393.0
87.6
179.2
187.2
456.0
222.4
159.60000000000002
240.0
581.4
578.9350000000001
2019.6
1744.2
1755.0
504.0
472.0
816.0
80.64000000000001
436.79999999999995
312.0
373.5
115.2
231.0
86.4
88.5
78.83999999999999
64.8
27.0
75.6
292.0
588.0
34.4
149.39999999999998
294.0
347.2
112.0
1379.0
396.8
28.320000000000004
2073.6
837.9
423.36
514.8
546.0
1472.5
137.7
270.0
222.4
32.0
76.8
288.0
1310.0
570.0
516.0
272.0
285.6
1584.0
747.0
1092.0
736.0
456.0
860.0
364.8
182.4
1112.0
157.5
18.6
240.0
434.70000000000005
864.0
4.8
151.20000000000002
153.29999999999998
560.0
225.28000000000003
110.39999999999999
729.6
544.0
90.0
1603.8
294.0
205.2
325.0
168.0
48.0
100.8
134.39999999999998
165.6
552.0
516.8
413.525
26.35
1500.0
108.0
212.8
720.0
608.0
273.6
763.1999999999999
24.0
206.39999999999998
223.20000000000002
655.1999999999999
308.7
62.0
297.5
693.6
514.08
36.48
144.0
216.0
126.0
216.0
471.2
6324.0
733.6
2640.0
798.0
228.0
528.0
384.0
1088.0
147.0
372.4
296.4
112.0
147.0
127.19999999999999
273.6
144.0
518.4
648.0
84.0
1060.0
128.0
36.5
747.0
106.20000000000002
1320.0
192.0
189.0
250.20000000000002
2640.0
300.0
223.20000000000002
197.625
61.879999999999995
638.4
212.8
226.8
122.4
259.2
912.0
72.0
154.0
52.0
190.0
425.59999999999997
695.0
260.0
63.0
92.0
420.0
912.0
500.0
176.7
346.56
149.0
199.5
196.79999999999998
420.0
1627.5
421.0
228.0
120.0
328.0
712.5
147.89999999999998
226.8
189.0
586.5
162.5625
60.0
180.0
136.8
4456.4400000000005
251.1
935.0
1275.0
340.0
38.25
91.8
48.45
346.8
320.0
1280.0
342.0
3159.0
1596.0
2660.0
820.95
387.5
1319.2
872.5
5268.0
34.0
2427.6
1406.25
694.8
280.0
42.0
220.0
90.0
22.5
3952.5
175.04999999999998
471.2
1520.0
323.0
36.0
164.0
54.0
96.5
75.0
576.0
960.0
414.23999999999995
367.99999999999994
877.5
1093.5
421.2
52.11000000000001
62.0
258.9
2760.0
111.75
570.0
248.4
122.4
60.0
969.0
990.0
513.0
63.0
16.0
313.2
336.0
250.0
360.0
1560.0
1150.0
570.0
900.0
110.0
388.35
408.0
1045.0
835.1999999999999
342.0
258.9
147.2
59.6
945.0
165.6
87.75
742.5
427.5
250.0
75.0
892.5
375.0
318.0
265.0
730.8
135.0
105.0
34.8
48.0
150.0
37.5
120.0
600.0
1249.2
7905.0
437.5
141.75
948.6
682.0200000000001
174.15
299.25
169.86
969.0
535.5
319.2
98.0
210.0
300.0
540.0
1972.0
652.8
1140.0
105.0
135.1
584.375
807.5
2162.4
280.8
92.0
54.0
256.5
593.3
306.0
778.0
648.0
232.5
315.0
244.29999999999998
504.0
375.0
108.0
497.325
171.0
936.7
123.5
558.0
257.6
64.8
848.0
1216.0
835.1999999999999
997.5
155.0
237.5
1060.0
210.0
590.4
45.0
110.01
410.4
517.8
554.625
194.5
2650.0
45.0
443.7
475.0
490.0
592.8
71.25
570.0
101.25
538.65
624.75
956.25
180.0
600.0
159.0
1760.0
155.0
350.0
540.0
299.25
2166.0
217.3875
333.2
188.45999999999998
288.0
919.9999999999999
104.625
702.0
560.0
819.9999999999999
35.0
36.8
493.0
199.5
660.0
263.4
1044.0
180.0
180.0
250.0
408.45
180.0
155.0
234.0
360.0
117.0
155.0
162.75
331.3125
82.50750000000001
599.925
310.0
78.0
252.0
1237.9
693.6
306.0
593.75
142.5
23.8
187.38
360.0
260.0
2000.0
1120.0
72.0
360.0
741.0
140.0
300.0
372.5
368.125
148.3425
1360.8
576.0
57.6
168.0
397.5
405.0
2565.0
1755.0
152.0
842.8799999999999
186.0
126.0
390.0
202.08
2195.0
193.5
493.0
29.8
450.0
360.0
1925.0
48.75
1008.0
475.0
68.85
162.0
497.325
1045.0
2261.0
306.375
352.0
384.0
394.4
1350.0
3900.0
35.0
772.8
417.59999999999997
1064.0
54.0
310.0
60.0
299.25
108.0
190.0
510.0
2170.0
1045.0
360.0
1360.0
1440.0
43.2
310.0
294.0
80.0
90.0
120.0
3754.875
532.0
213.75
306.375
1402.5
1750.0
760.0
187.5
420.0
840.0
22.5
35.0
46.0
90.0
300.0
322.5
380.0
180.0
488.25
124.2
225.0
13.5
486.0
456.0
742.74
194.5
69.75
70.0
340.0
393.59999999999997
680.0
430.0
739.5
446.25
450.0
2475.8
299.25
273.6
630.0
55.8
541.5
47.5
1162.8
66.3
929.0925
3352.4
1050.0
3125.0
795.0
15.5
198.0
288.225
840.0
550.0
79.5
210.0
385.9375
2166.0
190.0
442.05
2088.0
500.0
540.0
168.75
950.0
1104.0
240.0
456.0
513.0
283.5
18.0
225.0
920.0
226.8
1250.0
285.0
202.5
418.5
483.75
341.25
276.0
360.0
315.0
57.375
912.0
522.0
776.7
778.9999999999999
223.5
82.8
315.0
38.835
280.0
471.15
612.0
237.6
324.0
40.230000000000004
154.4
62.775
490.14000000000004
51.3
775.0
231.60000000000002
540.0
95.0
1710.0
1020.0
600.0
1223.6
1776.5
864.5
237.5
419.52
570.0
1701.0
43.2
519.4
125.0
524.4
399.0
1007.0
632.4
387.6
268.3875
1060.0
55.0
180.0
4456.4400000000005
210.5
1296.0
240.8
90.0
86.4
448.875
570.0
288.0
720.0
350.0
750.0
193.75
174.5
493.0
252.60000000000002
3557.25
258.0
52.349999999999994
84.0
276.0
45.0
697.5
328.0
397.5
62.0
64.39999999999999
408.45
796.365
17.0
3800.0
75.0
1158.0
223.5
660.0
654.375
187.5
420.0
248.4
108.0
931.0
75.0
68.0
232.5
63.0
368.0
380.0
1020.0
620.0
38.6
142.5
936.0
468.45
3637.5
1237.9
85.5
502.2
2462.4
196.0
472.5
570.0
292.5
540.0
4951.6
1840.0
466.79999999999995
2366.3999999999996
878.0
582.0
379.95
918.0
191.25
2700.0
1375.0
750.0
400.0
152.0
90.0
780.0
216.0
48.3
121.5
298.125
337.5
315.0
296.4
1411.206
1299.8375
114.0
114.0
72.0
134.39999999999998
400.0
1032.0
1963.5
365.5
535.5
60.0
270.0
95.0
1925.0
525.0
132.0
157.5
306.0
250.0
128.0
349.0
1104.0
440.0
504.0
780.0
357.0
85.4
95.0
1600.0
1484.0
340.0
46.0
47.5
110.39999999999999
405.3
3935.9999999999995
93.47999999999999
1140.0
558.0
936.9
1045.0
288.0
427.5
789.75
356.25
513.0
119.25
651.0
645.0
50.0
371.0
285.0
304.0
111.75
855.0
1368.0
349.0
760.0
986.0
562.5
58.2525
223.5
378.0
172.0
923.875
57.0
625.0
562.5
325.5
468.45
496.0
142.5
115.80000000000001
28.0
144.0
550.0
105.0
741.0
361.0
522.5
388.35
110.39999999999999
288.0
510.0
900.0
300.0
650.0
248.6625
35.625
199.975
380.0
1510.5
360.0
372.0
912.0
175.0
750.0
388.35
360.0
513.0
23.4
842.0
155.0
24.0
115.80000000000001
52.349999999999994
114.0
126.0
182.4
504.0
304.0
425.6
228.0
200.0
1700.0
1218.0
319.2
735.9999999999999
1500.0
311.2
2475.0
243.59999999999997
36.0
392.0
443.7
1440.0
100.0
337.75
395.09999999999997
1080.0
396.0
736.0
1064.0
570.0
330.0
180.0
98.8125
323.0
1168.75
337.284
776.7
292.5
225.0
144.0
108.0
38.0
50.0
55.199999999999996
213.75
855.0
204.75
675.0
1050.0
304.0
60.0
576.0
420.0
385.0
1479.0
798.0
624.6
420.0
600.0
320.0
126.0
1756.0
1035.0
367.5
139.5
288.0
285.0
1484.0
2280.0
400.0
126.0
90.0
180.0
2106.0
1515.6
760.0
1050.0
500.0
28.0
84.0
625.0
510.0
258.0
275.025
99.75
570.0
739.5
236.25
344.0
2228.2200000000003
1375.0
1287.0
700.0
43.4
18.75
850.0
186.0
42.0
190.0
159.6
243.675
6042.0
224.0
96.5
349.0
986.0
525.0
195.0
17.880000000000003
608.0
350.0
12.5
125.0
1317.5
570.0
30.6
887.4
310.0
77.5
960.0
310.68
260.4
270.75
2352.01
436.99999999999994
294.5
1875.0
270.0
1317.0
225.0
76.5
646.0
1646.4070000000002
183.35
190.0
22.35
187.5
135.1
56.0
279.0
35.760000000000005
1134.25
1023.75
524.664
194.5
931.0
691.2
420.0
98.6
348.0
102.0
76.5
1375.0
945.0
477.0
46.934999999999995
1170.0
1856.8500000000001
485.4375
1192.5
1080.0
184.875
209.76
199.5
783.75
1116.0
1094.4
68.0
140.0
2635.0
285.0
42.1
112.5
18.4
646.0
765.0
140.0
42.0
70.0
75.0
138.0
162.0
552.0
180.0
1252.8
260.0
182.39999999999998
420.0
193.0
782.0
86.7
726.75
40.0
7509.75
936.7
1061.8200000000002
7905.0
938.4
1047.625
640.0
193.0
322.0
155.0
1140.0
360.0
318.0
147.89999999999998
90.0
378.0
292.5
1980.0
175.5
115.80000000000001
135.0
374.76
656.0
437.5
292.5
465.0
378.0
405.0
527.0
190.0
800.0
60.0
714.0
150.0
504.0
1020.0
300.0
18.4
144.0
2108.0
414.0
14.399999999999999
112.0
248.95999999999998
99.75
540.0
101.25
265.68
940.8040000000001
491.90999999999997
825.0
20.8
1092.0
108.0
468.0
2040.0
997.5
36.0
459.99999999999994
285.0
283.5
54.0
1171.875
712.5
357.75
469.8
67.19999999999999
144.0
496.0
1140.0
2750.0
195.0
315.0
230.0
250.0
180.0
159.0
735.0
567.0
405.0
529.2
715.5
1596.0
462.0
450.0
200.0
1152.0
88.32
1248.0
273.6
1224.0
946.0
640.5
291.0
490.0
477.81899999999996
238.0
8.5
382.5
90.25
133.0
185.25
2194.5
285.0
234.0
2465.0
625.0
2635.0
331.5
872.5
175.0
912.0
268.3875
380.0
280.0
300.0
819.7874999999999
928.4250000000001
150.0
439.0
60.0
135.0
195.5625
748.125
159.0
360.0
1638.0
1250.0
400.0
87.5
147.89999999999998
525.0
56.0
306.0
135.15
72.0
210.0
15019.5
1368.0
299.25
20.25
776.6999999999999
98.39999999999999
624.6
540.0
756.0
720.0
210.0
450.0
250.0
54.0
106.0
1187.5
198.92999999999998
592.8
228.0
936.7
473.8125
419.9475
200.0
136.8
310.0
229.99999999999997
179.55
300.0
252.0
665.0
392.625
1562.5
1539.0
220.79999999999998
210.5
180.0
216.0
684.0
600.0
150.0
350.0
340.0
202.64000000000001
36.0
380.0
758.1
239.97000000000003
380.0
54.0
450.0
325.0
2170.0
437.5
520.0
70.0
380.0
225.0
840.0
10540.0
585.0
140.0
135.1
368.9325
2090.0
1200.0
45.0
2970.96
906.15
380.0
159.6
1710.0
883.5
495.0
810.0
1674.3999999999999
3400.0
142.5
608.0
9903.2
932.04
30.0
122.4
33.75
289.5
645.0
612.0
251.42999999999995
240.0
442.05
250.0
198.75
1725.5
342.0
427.5
108.5
570.0
93.1
360.0
261.75
48.25
110.39999999999999
200.0
142.5
180.0
468.0
210.0
630.0
5570.55
495.0
75.0
198.75
537.5
390.0
75.0
74.5
104.69999999999999
192.0
390.0
25.89
340.0
810.0
637.5
418.79999999999995
336.0
368.0
390.0
180.0
1756.0
585.0
157.5
112.0
368.0
268.79999999999995
558.0
1231.2
46.5
403.75
71.4
42.0
60.0
64.39999999999999
348.0
405.0
35.0
360.0
47.5
90.0
600.0
379.75
195.0
360.0
1097.5
480.0
318.0
214.2
585.0
471.15
621.18
556.8
139.5
65.6
855.0
500.0
378.0
187.5
54.0
456.0
364.8
280.0
90.0
828.0
1249.5
564.375
161.5
476.0
240.0
120.0
412.5
1109.25
750.0
1739.9999999999998
560.0
90.0
441.0
180.0
78.75
262.575
684.0
120.0
125.0
775.0
112.5
520.0
220.0
146.25
2120.0
96.0
300.0
930.0
234.0
2958.0
110.0
35.625
55.005
368.125
380.0
91.2
3847.5
593.75
415.30999999999995
265.625
285.0
693.6
74.4
120.0
133.0
424.0
776.7
720.0
266.0
427.0
180.0
174.0
131.75
33.75
231.60000000000002
39.9
1080.0
1350.0
462.0
656.0
324.0
792.0
57.8
375.0
1317.5
360.0
848.0
208.0
387.6
502.8599999999999
110.39999999999999
800.0
1140.0
135.0
133.0
108.0
224.0
1733.0600000000002
234.0
17.5
156.15
57.900000000000006
77.5
439.0
640.0
77.5
912.0
540.0
285.0
530.0
878.0
680.0
340.0
184.0
99.195
540.0
760.0
360.0
1317.0
300.0
1536.5
248.0
15810.0
600.0
414.0
428.4
292.5
959.75
90.0
760.0
565.3799999999999
450.0
1008.0
630.0
1215.0
180.0
195.0
1800.0
276.0
696.0
1800.0
1774.8
1000.0
315.0
38.6
650.0
714.0
1326.0
1598.85
760.0
240.0
1296.0
69.6
4642.125
253.3125
940.5
1060.0
136.0
560.0
1600.0
180.0
105.0
54.0
199.5
200.0
232.5
183.35
755.25
259.35
412.5
101.25
390.0
1800.0
525.0
300.0
144.0
336.0
229.5
285.6
960.0
72.0
184.0
70.0
187.38
108.0
36.0
550.0
144.0
185.685
1200.0
1237.9
196.0
3032.4
1197.0
451.5
54.0
256.5
306.0
600.0
45.0
503.5
430.0
436.99999999999994
1162.8
1225.5
90.0
56.0
190.0
25.0
243.17999999999998
388.35
234.0
187.5
304.0
250.0
6050.0
450.0
760.0
625.0
190.0
36.0
40.0
632.4
156.75
1215.0
1967.49
1749.0
1218.0
322.0
1080.0
120.0
1380.0
374.76
75.0
442.05
1075.0
162.0
108.0
500.0
530.0
101.25
776.4749999999999
840.0
1320.0
760.0
526.8
1425.0
1494.5
5570.55
4125.0
810.0
480.0
94.5
665.0
344.0
665.0
6587.5
1650.0
2066.4
1166.4
135.0
233.39999999999998
171.0
180.0
1080.0
420.0
74.5
42.0
1650.0
60.0
73.6
14.0
645.0
912.0
432.0
1200.0
546.0
200.0
456.0
1317.0
291.75
114.0
210.0
591.5999999999999
37.5
1272.0
722.0
456.0
307.8
337.5
480.375
525.0
152.0
121.6
810.0
36.0
1104.0
228.0
1750.0
640.0
665.0
25.0
280.0
67.5
210.0
1060.0
390.0
1200.0
840.0
1700.0
45.0
30.0
714.0
114.0
180.0
468.0
1190.0
136.0
130.0
510.0
262.4
144.0
420.0
662.4
260.55
2702.7
115.80000000000001
737.9999999999999
86.4
687.5
77.67
111.75
52.349999999999994
386.4
490.0
86.85000000000001
310.08000000000004
1407.6
309.4
360.0
612.0
323.0
444.975
250.0
427.5
57.0
152.0
386.0
357.5
4322.5
210.0
90.0
232.08499999999998
161.5
306.0
30.6
375.0
348.75
69.0
364.79999999999995
40.0
22.0
24.5
28.5
72.0
31.0
72.2
24.0
22.5525
33.853
77.76
18.0
32.0
34.2
28.950000000000003
35.28
14.0
48.0
63.92
64.505
17.0
29.7
31.0
26.0
